5,    0,            nan,            nan
    5,   60,            nan,            nan
    5,  120,            nan,            nan
    5,  180,            nan,            nan
    5,  240,            nan,            nan
    5,  300,            nan,            nan
    5,  360,            nan,            nan
    5,  420,            nan,            nan
    5,  480,            nan,            nan
    5,  540,            nan,            nan
    5,  600,            nan,            nan
    5,  660,            nan,            nan
    5,  720,            nan,            nan
    5,  780,            nan,            nan
    5,  840,            nan,            nan
    5,  900,            nan,            nan
    5,  960,            nan,            nan
    5, 1020,            nan,            nan
    5, 1080,            nan,            nan
    5, 1140,            nan,            nan
    5, 1200,            nan,            nan
    5, 1260,            nan,            nan
    5, 1320,            nan,            nan
    5, 1380,            nan,            nan
    5, 1440,            nan,            nan
    5, 1500,            nan,            nan
    5, 1560,            nan,            nan
    5, 1620,            nan,            nan
    5, 1680,            nan,            nan
    5, 1740,            nan,            nan
    5, 1800,            nan,            nan
    5, 1860,            nan,            nan
    5, 1920,            nan,            nan
    5, 1980,            nan,            nan
    5, 2040,            nan,            nan
    5, 2100,            nan,            nan
    5, 2160,            nan,            nan
    5, 2220,            nan,            nan
    5, 2280,            nan,            nan
    5, 2340,            nan,            nan
    5, 2400,            nan,            nan
    5, 2460,            nan,            nan
    5, 2520,            nan,            nan
    5, 2580,            nan,            nan
    5, 2640,            nan,            nan
    5, 2700,            nan,            nan
    5, 2760,            nan,            nan
    5, 2820,            nan,            nan
    5, 2880,            nan,            nan
    5, 2940,            nan,            nan
    5, 3000,            nan,            nan
    5, 3060,            nan,            nan
    5, 3120,            nan,            nan
    5, 3180,            nan,            nan
    5, 3240,            nan,            nan
    5, 3300,            nan,            nan
    5, 3360,            nan,            nan
    5, 3420,            nan,            nan
    5, 3480,            nan,            nan
    5, 3540,            nan,            nan
    5, 3600,            nan,            nan
    5, 3660,            nan,            nan
    5, 3720,            nan,            nan
    5, 3780,            nan,            nan
    5, 3840,            nan,            nan
    5, 3900,            nan,            nan
    5, 3960,            nan,            nan
    5, 4020,            nan,            nan
    5, 4080,            nan,            nan
    5, 4140,            nan,            nan
    5, 4200,            nan,            nan
    5, 4260,            nan,            nan
    5, 4320,            nan,            nan
    5, 4380,            nan,            nan
    5, 4440,            nan,            nan
    5, 4500,            nan,            nan
    5, 4560,            nan,            nan
    5, 4620,            nan,            nan
    5, 4680,            nan,            nan
    5, 4740,            nan,            nan
    5, 4800,            nan,            nan
    5, 4860,            nan,            nan
    5, 4920,            nan,            nan
    5, 4980,            nan,            nan
    5, 5040,            nan,            nan
    5, 5100,            nan,            nan
    5, 5160,            nan,            nan
    5, 5220,            nan,            nan
    5, 5280,            nan,            nan
    5, 5340,            nan,            nan
    5, 5400,            nan,            nan
    5, 5460,            nan,            nan
    5, 5520,            nan,            nan
    5, 5580,            nan,            nan
    5, 5640,            nan,            nan
    5, 5700,            nan,            nan
    5, 5760,            nan,            nan
    5, 5820,            nan,            nan
    5, 5880,            nan,            nan
    5, 5940,            nan,            nan
    5, 6000,            nan,            nan
    5, 6060,            nan,            nan
    5, 6120,            nan,            nan
    5, 6180,            nan,            nan
    5, 6240,            nan,            nan
    5, 6300,            nan,            nan
    5, 6360,            nan,            nan
    5, 6420,            nan,            nan
    5, 6480,            nan,            nan
    5, 6540,            nan,            nan
    5, 6600,            nan,            nan
    5, 6660,            nan,            nan
    5, 6720,            nan,            nan
    5, 6780,            nan,            nan
    5, 6840,            nan,            nan
    5, 6900,            nan,            nan
    5, 6960,            nan,            nan
    5, 7020,            nan,            nan
    5, 7080,            nan,            nan
    5, 7140,            nan,            nan
    5, 7200,            nan,            nan
    5, 7260,            nan,            nan
    5, 7320,            nan,            nan
    5, 7380,            nan,            nan
    5, 7440,            nan,            nan
    5, 7500,            nan,            nan
    5, 7560,            nan,            nan
    5, 7620,            nan,            nan
    5, 7680,            nan,            nan
    5, 7740,    0.375057379,  310.283003106
    5, 7800,    0.758640404,  310.365272958
    5, 7860,    1.142826379,  310.445502736
    5, 7920,    1.527610081,  310.523669053
    5, 7980,    1.912986052,  310.599748103
    5, 8040,    2.298948592,  310.673715654
    5, 8100,    2.685491748,  310.745547036
    5, 8160,    3.072609315,  310.815217133
    5, 8220,    3.460294824,  310.882700370
    5, 8280,    3.848541537,  310.947970709
    5, 8340,    4.237342438,  311.011001633
    5, 8400,    4.626690229,  311.071766140
    5, 8460,    5.016577319,  311.130236727
    5, 8520,    5.406995819,  311.186385385
    5, 8580,    5.797937533,  311.240183585
    5, 8640,    6.189393949,  311.291602267
    5, 8700,    6.581356233,  311.340611829
    5, 8760,    6.973815219,  311.387182113
    5, 8820,    7.366761399,  311.431282398
    5, 8880,    7.760184918,  311.472881382
    5, 8940,    8.154075562,  311.511947176
    5, 9000,    8.548422748,  311.548447287
    5, 9060,    8.943215515,  311.582348604
    5, 9120,    9.338442518,  311.613617390
    5, 9180,    9.734092011,  311.642219266
    5, 9240,   10.130151842,  311.668119198
    5, 9300,   10.526609439,  311.691281481
    5, 9360,   10.923451804,  311.711669732
    5, 9420,   11.320665495,  311.729246867
    5, 9480,   11.718236620,  311.743975093
    5, 9540,   12.116150824,  311.755815895
    5, 9600,   12.514393274,  311.764730013
    5, 9660,   12.912948652,  311.770677438
    5, 9720,   13.311801139,  311.773617388
    5, 9780,   13.710934401,  311.773508300
    5, 9840,   14.110331579,  311.770307809
    5, 9900,   14.509975274,  311.763972738
    5, 9960,   14.909847533,  311.754459079
    5,10020,   15.309929835,  311.741721978
    5,10080,   15.710203077,  311.725715721
    5,10140,   16.110647558,  311.706393716
    5,10200,   16.511242964,  311.683708481
    5,10260,   16.911968355,  311.657611625
    5,10320,   17.312802144,  311.628053831
    5,10380,   17.713722087,  311.594984847
    5,10440,   18.114705261,  311.558353462
    5,10500,   18.515728050,  311.518107498
    5,10560,   18.916766126,  311.474193789
    5,10620,   19.317794434,  311.426558167
    5,10680,   19.718787170,  311.375145453
    5,10740,   20.119717763,  311.319899431
    5,10800,   20.520558862,  311.260762845
    5,10860,   20.921282306,  311.197677378
    5,10920,   21.321859116,  311.130583639
    5,10980,   21.722259466,  311.059421155
    5,11040,   22.122452665,  310.984128350
    5,11100,   22.522407139,  310.904642541
    5,11160,   22.922090406,  310.820899922
    5,11220,   23.321469057,  310.732835555
    5,11280,   23.720508729,  310.640383360
    5,11340,   24.119174091,  310.543476109
    5,11400,   24.517428812,  310.442045413
    5,11460,   24.915235545,  310.336021720
    5,11520,   25.312555897,  310.225334309
    5,11580,   25.709350410,  310.109911284
    5,11640,   26.105578535,  309.989679577
    5,11700,   26.501198606,  309.864564942
    5,11760,   26.896167817,  309.734491958
    5,11820,   27.290442196,  309.599384035
    5,11880,   27.683976579,  309.459163418
    5,11940,   28.076724583,  309.313751192
    5,12000,   28.468638582,  309.163067297
    5,12060,   28.859669682,  309.007030539
    5,12120,   29.249767689,  308.845558605
    5,12180,   29.638881088,  308.678568086
    5,12240,   30.026957015,  308.505974496
    5,12300,   30.413941228,  308.327692300
    5,12360,   30.799778082,  308.143634944
    5,12420,   31.184410502,  307.953714889
    5,12480,   31.567779959,  307.757843653
    5,12540,   31.949826437,  307.555931850
    5,12600,   32.330488416,  307.347889241
    5,12660,   32.709702837,  307.133624792
    5,12720,   33.087405084,  306.913046726
    5,12780,   33.463528955,  306.686062597
    5,12840,   33.838006639,  306.452579357
    5,12900,   34.210768692,  306.212503439
    5,12960,   34.581744016,  305.965740843
    5,13020,   34.950859834,  305.712197226
    5,13080,   35.318041673,  305.451778012
    5,13140,   35.683213341,  305.184388494
    5,13200,   36.046296912,  304.909933962
    5,13260,   36.407212707,  304.628319822
    5,13320,   36.765879279,  304.339451745
    5,13380,   37.122213404,  304.043235804
    5,13440,   37.476130064,  303.739578644
    5,13500,   37.827542443,  303.428387641
    5,13560,   38.176361919,  303.109571090
    5,13620,   38.522498059,  302.783038395
    5,13680,   38.865858622,  302.448700271
    5,13740,   39.206349559,  302.106468965
    5,13800,   39.543875020,  301.756258479
    5,13860,   39.878337362,  301.397984817
    5,13920,   40.209637166,  301.031566237
    5,13980,   40.537673251,  300.656923517
    5,14040,   40.862342703,  300.273980240
    5,14100,   41.183540893,  299.882663081
    5,14160,   41.501161519,  299.482902123
    5,14220,   41.815096638,  299.074631167
    5,14280,   42.125236713,  298.657788073
    5,14340,   42.431470661,  298.232315098
    5,14400,   42.733684325,  297.798159298
    5,14460,   43.031766874,  297.355272743
    5,14520,   43.325601378,  296.903613101
    5,14580,   43.615071208,  296.443143904
    5,14640,   43.900058543,  295.973834971
    5,14700,   44.180444462,  295.495662808
    5,14760,   44.456109047,  295.008611026
    5,14820,   44.726931493,  294.512670748
    5,14880,   44.992790222,  294.007841031
    5,14940,   45.253563016,  293.494129280
    5,15000,   45.509127148,  292.971551668
    5,15060,   45.759359529,  292.440133551
    5,15120,   46.004136863,  291.899909869
    5,15180,   46.243335806,  291.350925552
    5,15240,   46.476833140,  290.793235904
    5,15300,   46.704505956,  290.226906976
    5,15360,   46.926231837,  289.652015924
    5,15420,   47.141889061,  289.068651345
    5,15480,   47.351356805,  288.476913583
    5,15540,   47.554515355,  287.876915019
    5,15600,   47.751246331,  287.268780320
    5,15660,   47.941432909,  286.652646661
    5,15720,   48.124960057,  286.028663902
    5,15780,   48.301714771,  285.396994734
    5,15840,   48.471586317,  284.757814765
    5,15900,   48.634466475,  284.111312578
    5,15960,   48.790249790,  283.457689721
    5,16020,   48.938833817,  282.797160653
    5,16080,   49.080119373,  282.129952634
    5,16140,   49.214010783,  281.456305555
    5,16200,   49.340416126,  280.776471707
    5,16260,   49.459247479,  280.090715496
    5,16320,   49.570421153,  279.399313089
    5,16380,   49.673857921,  278.702552003
    5,16440,   49.769483247,  278.000730633
    5,16500,   49.857227494,  277.294157715
    5,16560,   49.937026134,  276.583151739
    5,16620,   50.008819934,  275.868040292
    5,16680,   50.072555139,  275.149159360
    5,16740,   50.128183636,  274.426852571
    5,16800,   50.175663100,  273.701470391
    5,16860,   50.214957133,  272.973369281
    5,16920,   50.246035375,  272.242910812
    5,16980,   50.268873601,  271.510460749
    5,17040,   50.283453802,  270.776388107
    5,17100,   50.289764242,  270.041064184
    5,17160,   50.287799498,  269.304861585
    5,17220,   50.277560478,  268.568153226
    5,17280,   50.259054417,  267.831311347
    5,17340,   50.232294858,  267.094706525
    5,17400,   50.197301608,  266.358706694
    5,17460,   50.154100676,  265.623676188
    5,17520,   50.102724192,  264.889974805
    5,17580,   50.043210303,  264.157956900
    5,17640,   49.975603061,  263.427970510
    5,17700,   49.899952280,  262.700356525
    5,17760,   49.816313389,  261.975447898
    5,17820,   49.724747263,  261.253568907
    5,17880,   49.625320044,  260.535034464
    5,17940,   49.518102943,  259.820149487
    5,18000,   49.403173413,  259.109209036
    5,18060,   49.280609439,  258.402495018
    5,18120,   49.150497555,  257.700279788
    5,18180,   49.012927117,  257.002823135
    5,18240,   48.867991440,  256.310372580
    5,18300,   48.715787557,  255.623163112
    5,18360,   48.556415973,  254.941416971
    5,18420,   48.389980419,  254.265343503
    5,18480,   48.216587605,  253.595139064
    5,18540,   48.036346969,  252.930986978
    5,18600,   47.849370435,  252.273057553
    5,18660,   47.655772170,  251.621508142
    5,18720,   47.455668339,  250.976483256
    5,18780,   47.249176877,  250.338114711
    5,18840,   47.036417254,  249.706521826
    5,18900,   46.817510253,  249.081811649
    5,18960,   46.592577752,  248.464079222
    5,19020,   46.361742514,  247.853407875
    5,19080,   46.125127986,  247.249869541
    5,19140,   45.882858103,  246.653525101
    5,19200,   45.635057102,  246.064424743
    5,19260,   45.381849343,  245.482608345
    5,19320,   45.123359146,  244.908105858
    5,19380,   44.859710623,  244.340937716
    5,19440,   44.591027537,  243.781115242
    5,19500,   44.317433149,  243.228641061
    5,19560,   44.039050095,  242.683509519
    5,19620,   43.756000257,  242.145707102
    5,19680,   43.468404646,  241.615212851
    5,19740,   43.176383300,  241.091998774
    5,19800,   42.880055181,  240.576030256
    5,19860,   42.579538086,  240.067266460
    5,19920,   42.274948565,  239.565660720
    5,19980,   41.966401844,  239.071160925
    5,20040,   41.654011758,  238.583709897
    5,20100,   41.337890688,  238.103245752
    5,20160,   41.018149511,  237.629702254
    5,20220,   40.694897547,  237.163009156
    5,20280,   40.368242518,  236.703092526
    5,20340,   40.038290515,  236.249875067
    5,20400,   39.705145961,  235.803276416
    5,20460,   39.368911592,  235.363213433
    5,20520,   39.029688430,  234.929600481
    5,20580,   38.687575767,  234.502349686
    5,20640,   38.342671158,  234.081371188
    5,20700,   37.995070404,  233.666573378
    5,20760,   37.644867556,  233.257863124
    5,20820,   37.292154904,  232.855145983
    5,20880,   36.937022987,  232.458326399
    5,20940,   36.579560592,  232.067307895
    5,21000,   36.219854764,  231.681993246
    5,21060,   35.857990814,  231.302284648
    5,21120,   35.494052330,  230.928083871
    5,21180,   35.128121192,  230.559292406
    5,21240,   34.760277590,  230.195811597
    5,21300,   34.390600036,  229.837542770
    5,21360,   34.019165385,  229.484387344
    5,21420,   33.646048857,  229.136246947
    5,21480,   33.271324057,  228.793023506
    5,21540,   32.895062996,  228.454619345
    5,21600,   32.517336115,  228.120937267
    5,21660,   32.138212309,  227.791880631
    5,21720,   31.757758954,  227.467353421
    5,21780,   31.376041928,  227.147260313
    5,21840,   30.993125640,  226.831506730
    5,21900,   30.609073056,  226.519998895
    5,21960,   30.223945724,  226.212643879
    5,22020,   29.837803803,  225.909349642
    5,22080,   29.450706085,  225.610025071
    5,22140,   29.062710031,  225.314580011
    5,22200,   28.673871790,  225.022925297
    5,22260,   28.284246228,  224.734972777
    5,22320,   27.893886958,  224.450635333
    5,22380,   27.502846365,  224.169826899
    5,22440,   27.111175634,  223.892462478
    5,22500,   26.718924772,  223.618458152
    5,22560,   26.326142644,  223.347731093
    5,22620,   25.932876990,  223.080199568
    5,22680,   25.539174455,  222.815782945
    5,22740,   25.145080617,  222.554401694
    5,22800,   24.750640008,  222.295977390
    5,22860,   24.355896142,  222.040432712
    5,22920,   23.960891541,  221.787691435
    5,22980,   23.565667756,  221.537678433
    5,23040,   23.170265394,  221.290319667
    5,23100,   22.774724141,  221.045542181
    5,23160,   22.379082786,  220.803274094
    5,23220,   21.983379242,  220.563444592
    5,23280,   21.587650573,  220.325983914
    5,23340,   21.191933013,  220.090823343
    5,23400,   20.796261987,  219.857895198
    5,23460,   20.400672138,  219.627132815
    5,23520,   20.005197342,  219.398470539
    5,23580,   19.609870732,  219.171843711
    5,23640,   19.214724719,  218.947188650
    5,23700,   18.819791011,  218.724442641
    5,23760,   18.425100632,  218.503543922
    5,23820,   18.030683944,  218.284431669
    5,23880,   17.636570661,  218.067045975
    5,23940,   17.242789875,  217.851327845
    5,24000,   16.849370067,  217.637219171
    5,24060,   16.456339129,  217.424662723
    5,24120,   16.063724379,  217.213602129
    5,24180,   15.671552580,  217.003981862
    5,24240,   15.279849959,  216.795747225
    5,24300,   14.888642217,  216.588844333
    5,24360,   14.497954550,  216.383220099
    5,24420,   14.107811666,  216.178822217
    5,24480,   13.718237794,  215.975599150
    5,24540,   13.329256707,  215.773500111
    5,24600,   12.940891731,  215.572475050
    5,24660,   12.553165762,  215.372474639
    5,24720,   12.166101281,  215.173450254
    5,24780,   11.779720364,  214.975353966
    5,24840,   11.394044702,  214.778138524
    5,24900,   11.009095608,  214.581757336
    5,24960,   10.624894033,  214.386164465
    5,25020,   10.241460580,  214.191314606
    5,25080,    9.858815513,  213.997163075
    5,25140,    9.476978774,  213.803665801
    5,25200,    9.095969947,  213.610779421
    5,25260,    8.715808451,  213.418460803
    5,25320,    8.336513274,  213.226667740
    5,25380,    7.958103174,  213.035358463
    5,25440,    7.580596643,  212.844491750
    5,25500,    7.204011917,  212.654026912
    5,25560,    6.828366983,  212.463923781
    5,25620,    6.453679595,  212.274142701
    5,25680,    6.079967282,  212.084644516
    5,25740,    5.707247354,  211.895390556
    5,25800,    5.335536918,  211.706342634
    5,25860,    4.964852884,  211.517463027
    5,25920,    4.595211972,  211.328714474
    5,25980,    4.226630729,  211.140060160
    5,26040,    3.859125526,  210.951463710
    5,26100,    3.492712580,  210.762889179
    5,26160,    3.127407950,  210.574301045
    5,26220,    2.763227556,  210.385664197
    5,26280,    2.400187178,  210.196943928
    5,26340,    2.038302471,  210.008105930
    5,26400,    1.677588970,  209.819116281
    5,26460,    1.318062095,  209.629941442
    5,26520,    0.959737164,  209.440548249
    5,26580,    0.602629396,  209.250903903
    5,26640,    0.246753920,  209.060975969
    5,26700,            nan,            nan
    5,26760,            nan,            nan
    5,26820,            nan,            nan
    5,26880,            nan,            nan
    5,26940,            nan,            nan
    5,27000,            nan,            nan
    5,27060,            nan,            nan
    5,27120,            nan,            nan
    5,27180,            nan,            nan
    5,27240,            nan,            nan
    5,27300,            nan,            nan
    5,27360,            nan,            nan
    5,27420,            nan,            nan
    5,27480,            nan,            nan
    5,27540,            nan,            nan
    5,27600,            nan,            nan
    5,27660,            nan,            nan
    5,27720,            nan,            nan
    5,27780,            nan,            nan
    5,27840,            nan,            nan
    5,27900,            nan,            nan
    5,27960,            nan,            nan
    5,28020,            nan,            nan
    5,28080,            nan,            nan
    5,28140,            nan,            nan
    5,28200,            nan,            nan
    5,28260,            nan,            nan
    5,28320,            nan,            nan
    5,28380,            nan,            nan
    5,28440,            nan,            nan
    5,28500,            nan,            nan
    5,28560,            nan,            nan
    5,28620,            nan,            nan
    5,28680,            nan,            nan
    5,28740,            nan,            nan
    5,28800,            nan,            nan
    5,28860,            nan,            nan
    5,28920,            nan,            nan
    5,28980,            nan,            nan
    5,29040,            nan,            nan
    5,29100,            nan,            nan
    5,29160,            nan,            nan
    5,29220,            nan,            nan
    5,29280,            nan,            nan
    5,29340,            nan,            nan
    5,29400,            nan,            nan
    5,29460,            nan,            nan
    5,29520,            nan,            nan
    5,29580,            nan,            nan
    5,29640,            nan,            nan
    5,29700,            nan,            nan
    5,29760,            nan,            nan
    5,29820,            nan,            nan
    5,29880,            nan,            nan
    5,29940,            nan,            nan
    5,30000,            nan,            nan
    5,30060,            nan,            nan
    5,30120,            nan,            nan
    5,30180,            nan,            nan
    5,30240,            nan,            nan
    5,30300,            nan,            nan
    5,30360,            nan,            nan
    5,30420,            nan,            nan
    5,30480,            nan,            nan
    5,30540,            nan,            nan
    5,30600,            nan,            nan
    5,30660,            nan,            nan
    5,30720,            nan,            nan
    5,30780,            nan,            nan
    5,30840,            nan,            nan
    5,30900,            nan,            nan
    5,30960,            nan,            nan
    5,31020,            nan,            nan
    5,31080,            nan,            nan
    5,31140,            nan,            nan
    5,31200,            nan,            nan
    5,31260,            nan,            nan
    5,31320,            nan,            nan
    5,31380,            nan,            nan
    5,31440,            nan,            nan
    5,31500,            nan,            nan
    5,31560,            nan,            nan
    5,31620,            nan,            nan
    5,31680,            nan,            nan
    5,31740,            nan,            nan
    5,31800,            nan,            nan
    5,31860,            nan,            nan
    5,31920,            nan,            nan
    5,31980,            nan,            nan
    5,32040,            nan,            nan
    5,32100,            nan,            nan
    5,32160,            nan,            nan
    5,32220,            nan,            nan
    5,32280,            nan,            nan
    5,32340,            nan,            nan
    5,32400,            nan,            nan
    5,32460,            nan,            nan
    5,32520,            nan,            nan
    5,32580,            nan,            nan
    5,32640,            nan,            nan
    5,32700,            nan,            nan
    5,32760,            nan,            nan
    5,32820,            nan,            nan
    5,32880,            nan,            nan
    5,32940,            nan,            nan
    5,33000,            nan,            nan
    5,33060,            nan,            nan
    5,33120,            nan,            nan
    5,33180,            nan,            nan
    5,33240,            nan,            nan
    5,33300,            nan,            nan
    5,33360,            nan,            nan
    5,33420,            nan,            nan
    5,33480,            nan,            nan
    5,33540,            nan,            nan
    5,33600,            nan,            nan
    5,33660,            nan,            nan
    5,33720,            nan,            nan
    5,33780,            nan,            nan
    5,33840,            nan,            nan
    5,33900,            nan,            nan
    5,33960,            nan,            nan
    5,34020,            nan,            nan
    5,34080,            nan,            nan
    5,34140,            nan,            nan
    5,34200,            nan,            nan
    5,34260,            nan,            nan
    5,34320,            nan,            nan
    5,34380,            nan,            nan
    5,34440,            nan,            nan
    5,34500,            nan,            nan
    5,34560,            nan,            nan
    5,34620,            nan,            nan
    5,34680,            nan,            nan
    5,34740,            nan,            nan
    5,34800,            nan,            nan
    5,34860,            nan,            nan
    5,34920,            nan,            nan
    5,34980,            nan,            nan
    5,35040,            nan,            nan
    5,35100,            nan,            nan
    5,35160,            nan,            nan
    5,35220,            nan,            nan
    5,35280,            nan,            nan
    5,35340,            nan,            nan
    5,35400,            nan,            nan
    5,35460,            nan,            nan
    5,35520,            nan,            nan
    5,35580,            nan,            nan
    5,35640,            nan,            nan
    5,35700,            nan,            nan
    5,35760,            nan,            nan
    5,35820,            nan,            nan
    5,35880,            nan,            nan
    5,35940,            nan,            nan
    5,36000,            nan,            nan
    5,36060,            nan,            nan
    5,36120,            nan,            nan
    5,36180,            nan,            nan
    5,36240,            nan,            nan
    5,36300,            nan,            nan
    5,36360,            nan,            nan
    5,36420,            nan,            nan
    5,36480,            nan,            nan
    5,36540,            nan,            nan
    5,36600,            nan,            nan
    5,36660,            nan,            nan
    5,36720,            nan,            nan
    5,36780,            nan,            nan
    5,36840,            nan,            nan
    5,36900,            nan,            nan
    5,36960,            nan,            nan
    5,37020,            nan,            nan
    5,37080,            nan,            nan
    5,37140,            nan,            nan
    5,37200,            nan,            nan
    5,37260,            nan,            nan
    5,37320,            nan,            nan
    5,37380,            nan,            nan
    5,37440,            nan,            nan
    5,37500,            nan,            nan
    5,37560,            nan,            nan
    5,37620,            nan,            nan
    5,37680,            nan,            nan
    5,37740,            nan,            nan
    5,37800,            nan,            nan
    5,37860,            nan,            nan
    5,37920,            nan,            nan
    5,37980,            nan,            nan
    5,38040,            nan,            nan
    5,38100,            nan,            nan
    5,38160,            nan,            nan
    5,38220,            nan,            nan
    5,38280,            nan,            nan
    5,38340,            nan,            nan
    5,38400,            nan,            nan
    5,38460,            nan,            nan
    5,38520,            nan,            nan
    5,38580,            nan,            nan
    5,38640,            nan,            nan
    5,38700,            nan,            nan
    5,38760,            nan,            nan
    5,38820,            nan,            nan
    5,38880,            nan,            nan
    5,38940,            nan,            nan
    5,39000,            nan,            nan
    5,39060,            nan,            nan
    5,39120,            nan,            nan
    5,39180,            nan,            nan
    5,39240,            nan,            nan
    5,39300,            nan,            nan
    5,39360,            nan,            nan
    5,39420,            nan,            nan
    5,39480,            nan,            nan
    5,39540,            nan,            nan
    5,39600,            nan,            nan
    5,39660,            nan,            nan
    5,39720,            nan,            nan
    5,39780,            nan,            nan
    5,39840,            nan,            nan
    5,39900,            nan,            nan
    5,39960,            nan,            nan
    5,40020,            nan,            nan
    5,40080,            nan,            nan
    5,40140,            nan,            nan
    5,40200,            nan,            nan
    5,40260,            nan,            nan
    5,40320,            nan,            nan
    5,40380,            nan,            nan
    5,40440,            nan,            nan
    5,40500,            nan,            nan
    5,40560,            nan,            nan
    5,40620,            nan,            nan
    5,40680,            nan,            nan
    5,40740,            nan,            nan
    5,40800,            nan,            nan
    5,40860,            nan,            nan
    5,40920,            nan,            nan
    5,40980,            nan,            nan
    5,41040,            nan,            nan
    5,41100,            nan,            nan
    5,41160,            nan,            nan
    5,41220,            nan,            nan
    5,41280,            nan,            nan
    5,41340,            nan,            nan
    5,41400,            nan,            nan
    5,41460,            nan,            nan
    5,41520,            nan,            nan
    5,41580,            nan,            nan
    5,41640,            nan,            nan
    5,41700,            nan,            nan
    5,41760,            nan,            nan
    5,41820,            nan,            nan
    5,41880,            nan,            nan
    5,41940,            nan,            nan
    5,42000,            nan,            nan
    5,42060,            nan,            nan
    5,42120,            nan,            nan
    5,42180,            nan,            nan
    5,42240,            nan,            nan
    5,42300,            nan,            nan
    5,42360,            nan,            nan
    5,42420,            nan,            nan
    5,42480,            nan,            nan
    5,42540,            nan,            nan
    5,42600,            nan,            nan
    5,42660,            nan,            nan
    5,42720,            nan,            nan
    5,42780,            nan,            nan
    5,42840,            nan,            nan
    5,42900,            nan,            nan
    5,42960,            nan,            nan
    5,43020,            nan,            nan
    5,43080,            nan,            nan
    5,43140,            nan,            nan
    5,43200,            nan,            nan
    5,43260,            nan,            nan
    5,43320,            nan,            nan
    5,43380,            nan,            nan
    5,43440,            nan,            nan
    5,43500,            nan,            nan
    5,43560,            nan,            nan
    5,43620,            nan,            nan
    5,43680,            nan,            nan
    5,43740,            nan,            nan
    5,43800,            nan,            nan
    5,43860,            nan,            nan
    5,43920,            nan,            nan
    5,43980,            nan,            nan
    5,44040,            nan,            nan
    5,44100,            nan,            nan
    5,44160,            nan,            nan
    5,44220,            nan,            nan
    5,44280,            nan,            nan
    5,44340,            nan,            nan
    5,44400,            nan,            nan
    5,44460,            nan,            nan
    5,44520,            nan,            nan
    5,44580,    0.201976390,  120.894603226
    5,44640,    0.530076147,  120.634551940
    5,44700,    0.858700561,  120.373932949
    5,44760,    1.187822206,  120.112709505
    5,44820,    1.517413341,  119.850844611
    5,44880,    1.847445904,  119.588301019
    5,44940,    2.177891494,  119.325041236
    5,45000,    2.508721372,  119.061027523
    5,45060,    2.839906441,  118.796221900
    5,45120,    3.171417247,  118.530586148
    5,45180,    3.503223958,  118.264081810
    5,45240,    3.835296363,  117.996670197
    5,45300,    4.167603859,  117.728312390
    5,45360,    4.500115437,  117.458969245
    5,45420,    4.832799681,  117.188601396
    5,45480,    5.165624748,  116.917169259
    5,45540,    5.498558366,  116.644633040
    5,45600,    5.831567818,  116.370952736
    5,45660,    6.164619935,  116.096088145
    5,45720,    6.497681086,  115.819998869
    5,45780,    6.830717165,  115.542644321
    5,45840,    7.163693586,  115.263983735
    5,45900,    7.496575266,  114.983976171
    5,45960,    7.829326621,  114.702580525
    5,46020,    8.161911553,  114.419755534
    5,46080,    8.494293440,  114.135459794
    5,46140,    8.826435127,  113.849651760
    5,46200,    9.158298917,  113.562289764
    5,46260,    9.489846558,  113.273332025
    5,46320,    9.821039236,  112.982736659
    5,46380,   10.151837565,  112.690461697
    5,46440,   10.482201579,  112.396465094
    5,46500,   10.812090719,  112.100704746
    5,46560,   11.141463826,  111.803138507
    5,46620,   11.470279136,  111.503724206
    5,46680,   11.798494264,  111.202419659
    5,46740,   12.126066201,  110.899182699
    5,46800,   12.452951303,  110.593971183
    5,46860,   12.779105287,  110.286743022
    5,46920,   13.104483219,  109.977456201
    5,46980,   13.429039508,  109.666068801
    5,47040,   13.752727902,  109.352539022
    5,47100,   14.075501477,  109.036825214
    5,47160,   14.397312636,  108.718885899
    5,47220,   14.718113098,  108.398679801
    5,47280,   15.037853897,  108.076165876
    5,47340,   15.356485377,  107.751303345
    5,47400,   15.673957183,  107.424051723
    5,47460,   15.990218267,  107.094370855
    5,47520,   16.305216873,  106.762220952
    5,47580,   16.618900548,  106.427562628
    5,47640,   16.931216127,  106.090356937
    5,47700,   17.242109743,  105.750565415
    5,47760,   17.551526821,  105.408150123
    5,47820,   17.859412080,  105.063073689
    5,47880,   18.165709535,  104.715299351
    5,47940,   18.470362499,  104.364791009
    5,48000,   18.773313588,  104.011513272
    5,48060,   19.074504720,  103.655431503
    5,48120,   19.373877128,  103.296511882
    5,48180,   19.671371359,  102.934721447
    5,48240,   19.966927288,  102.570028161
    5,48300,   20.260484120,  102.202400961
    5,48360,   20.551980406,  101.831809820
    5,48420,   20.841354049,  101.458225810
    5,48480,   21.128542319,  101.081621159
    5,48540,   21.413481868,  100.701969318
    5,48600,   21.696108741,  100.319245026
    5,48660,   21.976358396,   99.933424375
    5,48720,   22.254165719,   99.544484880
    5,48780,   22.529465045,   99.152405549
    5,48840,   22.802190182,   98.757166949
    5,48900,   23.072274428,   98.358751285
    5,48960,   23.339650596,   97.957142468
    5,49020,   23.604251046,   97.552326187
    5,49080,   23.866007706,   97.144289991
    5,49140,   24.124852103,   96.733023358
    5,49200,   24.380715395,   96.318517771
    5,49260,   24.633528406,   95.900766799
    5,49320,   24.883221656,   95.479766169
    5,49380,   25.129725401,   95.055513843
    5,49440,   25.372969670,   94.628010095
    5,49500,   25.612884308,   94.197257588
    5,49560,   25.849399012,   93.763261445
    5,49620,   26.082443384,   93.326029327
    5,49680,   26.311946969,   92.885571507
    5,49740,   26.537839307,   92.441900935
    5,49800,   26.760049983,   91.995033318
    5,49860,   26.978508674,   91.544987179
    5,49920,   27.193145209,   91.091783927
    5,49980,   27.403889620,   90.635447921
    5,50040,   27.610672198,   90.176006530
    5,50100,   27.813423553,   89.713490187
    5,50160,   28.012074677,   89.247932451
    5,50220,   28.206556998,   88.779370045
    5,50280,   28.396802451,   88.307842916
    5,50340,   28.582743539,   87.833394264
    5,50400,   28.764313396,   87.356070588
    5,50460,   28.941445860,   86.875921713
    5,50520,   29.114075535,   86.393000816
    5,50580,   29.282137863,   85.907364452
    5,50640,   29.445569193,   85.419072562
    5,50700,   29.604306852,   84.928188484
    5,50760,   29.758289214,   84.434778958
    5,50820,   29.907455774,   83.938914117
    5,50880,   30.051747215,   83.440667476
    5,50940,   30.191105486,   82.940115912
    5,51000,   30.325473867,   82.437339642
    5,51060,   30.454797043,   81.932422180
    5,51120,   30.579021175,   81.425450304
    5,51180,   30.698093967,   80.916513998
    5,51240,   30.811964738,   80.405706400
    5,51300,   30.920584491,   79.893123733
    5,51360,   31.023905972,   79.378865229
    5,51420,   31.121883746,   78.863033052
    5,51480,   31.214474249,   78.345732202
    5,51540,   31.301635860,   77.827070421
    5,51600,   31.383328952,   77.307158087
    5,51660,   31.459515955,   76.786108095
    5,51720,   31.530161406,   76.264035745
    5,51780,   31.595232005,   75.741058608
    5,51840,   31.654696662,   75.217296390
    5,51900,   31.708526543,   74.692870797
    5,51960,   31.756695112,   74.167905383
    5,52020,   31.799178174,   73.642525397
    5,52080,   31.835953908,   73.116857626
    5,52140,   31.867002901,   72.591030231
    5,52200,   31.892308175,   72.065172579
    5,52260,   31.911855214,   71.539415072
    5,52320,   31.925631985,   71.013888972
    5,52380,   31.933628953,   70.488726224
    5,52440,   31.935839094,   69.964059277
    5,52500,   31.932257907,   69.440020898
    5,52560,   31.922883414,   68.916743998
    5,52620,   31.907716164,   68.394361443
    5,52680,   31.886759227,   67.873005873
    5,52740,   31.860018187,   67.352809523
    5,52800,   31.827501130,   66.833904041
    5,52860,   31.789218628,   66.316420311
    5,52920,   31.745183716,   65.800488277
    5,52980,   31.695411873,   65.286236773
    5,53040,   31.639920989,   64.773793353
    5,53100,   31.578731334,   64.263284129
    5,53160,   31.511865525,   63.754833608
    5,53220,   31.439348486,   63.248564544
    5,53280,   31.361207403,   62.744597785
    5,53340,   31.277471683,   62.243052133
    5,53400,   31.188172900,   61.744044210
    5,53460,   31.093344747,   61.247688326
    5,53520,   30.993022981,   60.754096360
    5,53580,   30.887245365,   60.263377643
    5,53640,   30.776051612,   59.775638854
    5,53700,   30.659483318,   59.290983920
    5,53760,   30.537583904,   58.809513926
    5,53820,   30.410398549,   58.331327027
    5,53880,   30.277974122,   57.856518381
    5,53940,   30.140359117,   57.385180076
    5,54000,   29.997603582,   56.917401070
    5,54060,   29.849758099,   56.453265165
    5,54120,   29.696877510,   55.992858909
    5,54180,   29.539015156,   55.536259602
    5,54240,   29.376226596,   55.083543264
    5,54300,   29.208568585,   54.634782611
    5,54360,   29.036099006,   54.190047041
    5,54420,   28.858876795,   53.749402629
    5,54480,   28.676961874,   53.312912130
    5,54540,   28.490415073,   52.880634985
    5,54600,   28.299298067,   52.452627333
    5,54660,   28.103673301,   52.028942036
    5,54720,   27.903603925,   51.609628704
    5,54780,   27.699153722,   51.194733720
    5,54840,   27.490387045,   50.784300287
    5,54900,   27.277368752,   50.378368457
    5,54960,   27.060164138,   49.976975190
    5,55020,   26.838838876,   49.580154391
    5,55080,   26.613458954,   49.187936973
    5,55140,   26.384090615,   48.800350912
    5,55200,   26.150800302,   48.417421302
    5,55260,   25.913654598,   48.039170426
    5,55320,   25.672720174,   47.665617817
    5,55380,   25.428063735,   47.296780328
    5,55440,   25.179751970,   46.932672201
    5,55500,   24.927851502,   46.573305139
    5,55560,   24.672428840,   46.218688380
    5,55620,   24.413550335,   45.868828769
    5,55680,   24.151282138,   45.523730837
    5,55740,   23.885690153,   45.183396873
    5,55800,   23.616840004,   44.847827005
    5,55860,   23.344796990,   44.517019269
    5,55920,   23.069626054,   44.190969695
    5,55980,   22.791391747,   43.869672376
    5,56040,   22.510158197,   43.553119548
    5,56100,   22.225989073,   43.241301664
    5,56160,   21.938947563,   42.934207471
    5,56220,   21.649096342,   42.631824081
    5,56280,   21.356497547,   42.334137046
    5,56340,   21.061212756,   42.041130433
    5,56400,   20.763302961,   41.752786888
    5,56460,   20.462828550,   41.469087713
    5,56520,   20.159849289,   41.190012931
    5,56580,   19.854424300,   40.915541353
    5,56640,   19.546612047,   40.645650647
    5,56700,   19.236470322,   40.380317396
    5,56760,   18.924056229,   40.119517167
    5,56820,   18.609426173,   39.863224566
    5,56880,   18.292635848,   39.611413304
    5,56940,   17.973740229,   39.364056247
    5,57000,   17.652793559,   39.121125479
    5,57060,   17.329849346,   38.882592352
    5,57120,   17.004960353,   38.648427538
    5,57180,   16.678178595,   38.418601083
    5,57240,   16.349555330,   38.193082453
    5,57300,   16.019141060,   37.971840585
    5,57360,   15.686985527,   37.754843927
    5,57420,   15.353137709,   37.542060487
    5,57480,   15.017645819,   37.333457874
    5,57540,   14.680557308,   37.129003337
    5,57600,   14.341918859,   36.928663806
    5,57660,   14.001776395,   36.732405928
    5,57720,   13.660175075,   36.540196105
    5,57780,   13.317159300,   36.352000524
    5,57840,   12.972772712,   36.167785197
    5,57900,   12.627058202,   35.987515983
    5,57960,   12.280057909,   35.811158627
    5,58020,   11.931813228,   35.638678783
    5,58080,   11.582364811,   35.470042043
    5,58140,   11.231752577,   35.305213964
    5,58200,   10.880015713,   35.144160088
    5,58260,   10.527192682,   34.986845972
    5,58320,   10.173321230,   34.833237206
    5,58380,    9.818438390,   34.683299433
    5,58440,    9.462580490,   34.536998372
    5,58500,    9.105783163,   34.394299835
    5,58560,    8.748081349,   34.255169745
    5,58620,    8.389509305,   34.119574154
    5,58680,    8.030100615,   33.987479256
    5,58740,    7.669888193,   33.858851402
    5,58800,    7.308904297,   33.733657117
    5,58860,    6.947180532,   33.611863110
    5,58920,    6.584747860,   33.493436289
    5,58980,    6.221636610,   33.378343766
    5,59040,    5.857876485,   33.266552877
    5,59100,    5.493496570,   33.158031184
    5,59160,    5.128525342,   33.052746486
    5,59220,    4.762990680,   32.950666831
    5,59280,    4.396919870,   32.851760518
    5,59340,    4.030339616,   32.755996110
    5,59400,    3.663276050,   32.663342437
    5,59460,    3.295754740,   32.573768600
    5,59520,    2.927800696,   32.487243982
    5,59580,    2.559438384,   32.403738250
    5,59640,    2.190691730,   32.323221359
    5,59700,    1.821584133,   32.245663555
    5,59760,    1.452138469,   32.171035381
    5,59820,    1.082377104,   32.099307681
    5,59880,    0.712321903,   32.030451599
    5,59940,    0.341994232,   31.964438581
    5,60000,            nan,            nan
    5,60060,            nan,            nan
    5,60120,            nan,            nan
    5,60180,            nan,            nan
    5,60240,            nan,            nan
    5,60300,            nan,            nan
    5,60360,            nan,            nan
    5,60420,            nan,            nan
    5,60480,            nan,            nan
    5,60540,            nan,            nan
    5,60600,            nan,            nan
    5,60660,            nan,            nan
    5,60720,            nan,            nan
    5,60780,            nan,            nan
    5,60840,            nan,            nan
    5,60900,            nan,            nan
    5,60960,            nan,            nan
    5,61020,            nan,            nan
    5,61080,            nan,            nan
    5,61140,            nan,            nan
    5,61200,            nan,            nan
    5,61260,            nan,            nan
    5,61320,            nan,            nan
    5,61380,            nan,            nan
    5,61440,            nan,            nan
    5,61500,            nan,            nan
    5,61560,            nan,            nan
    5,61620,            nan,            nan
    5,61680,            nan,            nan
    5,61740,            nan,            nan
    5,61800,            nan,            nan
    5,61860,            nan,            nan
    5,61920,            nan,            nan
    5,61980,            nan,            nan
    5,62040,            nan,            nan
    5,62100,            nan,            nan
    5,62160,            nan,            nan
    5,62220,            nan,            nan
    5,62280,            nan,            nan
    5,62340,            nan,            nan
    5,62400,            nan,            nan
    5,62460,            nan,            nan
    5,62520,            nan,            nan
    5,62580,            nan,            nan
    5,62640,            nan,            nan
    5,62700,            nan,            nan
    5,62760,            nan,            nan
    5,62820,            nan,            nan
    5,62880,            nan,            nan
    5,62940,            nan,            nan
    5,63000,            nan,            nan
    5,63060,            nan,            nan
    5,63120,            nan,            nan
    5,63180,            nan,            nan
    5,63240,            nan,            nan
    5,63300,            nan,            nan
    5,63360,            nan,            nan
    5,63420,            nan,            nan
    5,63480,            nan,            nan
    5,63540,            nan,            nan
    5,63600,            nan,            nan
    5,63660,            nan,            nan
    5,63720,            nan,            nan
    5,63780,            nan,            nan
    5,63840,            nan,            nan
    5,63900,            nan,            nan
    5,63960,            nan,            nan
    5,64020,            nan,            nan
    5,64080,            nan,            nan
    5,64140,            nan,            nan
    5,64200,            nan,            nan
    5,64260,            nan,            nan
    5,64320,            nan,            nan
    5,64380,            nan,            nan
    5,64440,            nan,            nan
    5,64500,            nan,            nan
    5,64560,            nan,            nan
    5,64620,            nan,            nan
    5,64680,            nan,            nan
    5,64740,            nan,            nan
    5,64800,            nan,            nan
    5,64860,            nan,            nan
    5,64920,            nan,            nan
    5,64980,            nan,            nan
    5,65040,            nan,            nan
    5,65100,            nan,            nan
    5,65160,            nan,            nan
    5,65220,            nan,            nan
    5,65280,            nan,            nan
    5,65340,            nan,            nan
    5,65400,            nan,            nan
    5,65460,            nan,            nan
    5,65520,            nan,            nan
    5,65580,            nan,            nan
    5,65640,            nan,            nan
    5,65700,            nan,            nan
    5,65760,            nan,            nan
    5,65820,            nan,            nan
    5,65880,            nan,            nan
    5,65940,            nan,            nan
    5,66000,            nan,            nan
    5,66060,            nan,            nan
    5,66120,            nan,            nan
    5,66180,            nan,            nan
    5,66240,            nan,            nan
    5,66300,            nan,            nan
    5,66360,            nan,            nan
    5,66420,            nan,            nan
    5,66480,            nan,            nan
    5,66540,            nan,            nan
    5,66600,            nan,            nan
    5,66660,            nan,            nan
    5,66720,            nan,            nan
    5,66780,            nan,            nan
    5,66840,            nan,            nan
    5,66900,            nan,            nan
    5,66960,            nan,            nan
    5,67020,            nan,            nan
    5,67080,            nan,            nan
    5,67140,            nan,            nan
    5,67200,            nan,            nan
    5,67260,            nan,            nan
    5,67320,            nan,            nan
    5,67380,            nan,            nan
    5,67440,            nan,            nan
    5,67500,            nan,            nan
    5,67560,            nan,            nan
    5,67620,            nan,            nan
    5,67680,            nan,            nan
    5,67740,            nan,            nan
    5,67800,            nan,            nan
    5,67860,            nan,            nan
    5,67920,            nan,            nan
    5,67980,            nan,            nan
    5,68040,            nan,            nan
    5,68100,            nan,            nan
    5,68160,            nan,            nan
    5,68220,            nan,            nan
    5,68280,            nan,            nan
    5,68340,            nan,            nan
    5,68400,            nan,            nan
    5,68460,            nan,            nan
    5,68520,            nan,            nan
    5,68580,            nan,            nan
    5,68640,            nan,            nan
    5,68700,            nan,            nan
    5,68760,            nan,            nan
    5,68820,            nan,            nan
    5,68880,            nan,            nan
    5,68940,            nan,            nan
    5,69000,            nan,            nan
    5,69060,            nan,            nan
    5,69120,            nan,            nan
    5,69180,            nan,            nan
    5,69240,            nan,            nan
    5,69300,            nan,            nan
    5,69360,            nan,            nan
    5,69420,            nan,            nan
    5,69480,            nan,            nan
    5,69540,            nan,            nan
    5,69600,            nan,            nan
    5,69660,            nan,            nan
    5,69720,            nan,            nan
    5,69780,            nan,            nan
    5,69840,            nan,            nan
    5,69900,            nan,            nan
    5,69960,            nan,            nan
    5,70020,            nan,            nan
    5,70080,            nan,            nan
    5,70140,            nan,            nan
    5,70200,            nan,            nan
    5,70260,            nan,            nan
    5,70320,            nan,            nan
    5,70380,            nan,            nan
    5,70440,            nan,            nan
    5,70500,            nan,            nan
    5,70560,            nan,            nan
    5,70620,            nan,            nan
    5,70680,            nan,            nan
    5,70740,            nan,            nan
    5,70800,            nan,            nan
    5,70860,            nan,            nan
    5,70920,            nan,            nan
    5,70980,            nan,            nan
    5,71040,            nan,            nan
    5,71100,            nan,            nan
    5,71160,            nan,            nan
    5,71220,            nan,            nan
    5,71280,            nan,            nan
    5,71340,            nan,            nan
    5,71400,            nan,            nan
    5,71460,            nan,            nan
    5,71520,            nan,            nan
    5,71580,            nan,            nan
    5,71640,            nan,            nan
    5,71700,            nan,            nan
    5,71760,            nan,            nan
    5,71820,            nan,            nan
    5,71880,            nan,            nan
    5,71940,            nan,            nan
    5,72000,            nan,            nan
    5,72060,            nan,            nan
    5,72120,            nan,            nan
    5,72180,            nan,            nan
    5,72240,            nan,            nan
    5,72300,            nan,            nan
    5,72360,            nan,            nan
    5,72420,            nan,            nan
    5,72480,            nan,            nan
    5,72540,            nan,            nan
    5,72600,            nan,            nan
    5,72660,            nan,            nan
    5,72720,            nan,            nan
    5,72780,            nan,            nan
    5,72840,            nan,            nan
    5,72900,            nan,            nan
    5,72960,            nan,            nan
    5,73020,            nan,            nan
    5,73080,            nan,            nan
    5,73140,            nan,            nan
    5,73200,            nan,            nan
    5,73260,            nan,            nan
    5,73320,            nan,            nan
    5,73380,            nan,            nan
    5,73440,            nan,            nan
    5,73500,            nan,            nan
    5,73560,            nan,            nan
    5,73620,            nan,            nan
    5,73680,            nan,            nan
    5,73740,            nan,            nan
    5,73800,            nan,            nan
    5,73860,            nan,            nan
    5,73920,            nan,            nan
    5,73980,            nan,            nan
    5,74040,            nan,            nan
    5,74100,            nan,            nan
    5,74160,            nan,            nan
    5,74220,            nan,            nan
    5,74280,            nan,            nan
    5,74340,            nan,            nan
    5,74400,            nan,            nan
    5,74460,            nan,            nan
    5,74520,            nan,            nan
    5,74580,            nan,            nan
    5,74640,            nan,            nan
    5,74700,            nan,            nan
    5,74760,            nan,            nan
    5,74820,            nan,            nan
    5,74880,            nan,            nan
    5,74940,            nan,            nan
    5,75000,            nan,            nan
    5,75060,            nan,            nan
    5,75120,            nan,            nan
    5,75180,            nan,            nan
    5,75240,            nan,            nan
    5,75300,            nan,            nan
    5,75360,            nan,            nan
    5,75420,            nan,            nan
    5,75480,            nan,            nan
    5,75540,            nan,            nan
    5,75600,            nan,            nan
    5,75660,            nan,            nan
    5,75720,            nan,            nan
    5,75780,            nan,            nan
    5,75840,            nan,            nan
    5,75900,            nan,            nan
    5,75960,            nan,            nan
    5,76020,            nan,            nan
    5,76080,            nan,            nan
    5,76140,            nan,            nan
    5,76200,            nan,            nan
    5,76260,            nan,            nan
    5,76320,            nan,            nan
    5,76380,            nan,            nan
    5,76440,            nan,            nan
    5,76500,            nan,            nan
    5,76560,            nan,            nan
    5,76620,            nan,            nan
    5,76680,            nan,            nan
    5,76740,            nan,            nan
    5,76800,            nan,            nan
    5,76860,            nan,            nan
    5,76920,            nan,            nan
    5,76980,            nan,            nan
    5,77040,            nan,            nan
    5,77100,            nan,            nan
    5,77160,            nan,            nan
    5,77220,            nan,            nan
    5,77280,            nan,            nan
    5,77340,            nan,            nan
    5,77400,            nan,            nan
    5,77460,            nan,            nan
    5,77520,            nan,            nan
    5,77580,            nan,            nan
    5,77640,            nan,            nan
    5,77700,            nan,            nan
    5,77760,            nan,            nan
    5,77820,            nan,            nan
    5,77880,            nan,            nan
    5,77940,            nan,            nan
    5,78000,            nan,            nan
    5,78060,            nan,            nan
    5,78120,            nan,            nan
    5,78180,            nan,            nan
    5,78240,            nan,            nan
    5,78300,            nan,            nan
    5,78360,            nan,            nan
    5,78420,            nan,            nan
    5,78480,            nan,            nan
    5,78540,            nan,            nan
    5,78600,            nan,            nan
    5,78660,            nan,            nan
    5,78720,            nan,            nan
    5,78780,            nan,            nan
    5,78840,            nan,            nan
    5,78900,            nan,            nan
    5,78960,            nan,            nan
    5,79020,            nan,            nan
    5,79080,            nan,            nan
    5,79140,            nan,            nan
    5,79200,            nan,            nan
    5,79260,            nan,            nan
    5,79320,            nan,            nan
    5,79380,            nan,            nan
    5,79440,            nan,            nan
    5,79500,            nan,            nan
    5,79560,            nan,            nan
    5,79620,            nan,            nan
    5,79680,            nan,            nan
    5,79740,            nan,            nan
    5,79800,            nan,            nan
    5,79860,            nan,            nan
    5,79920,            nan,            nan
    5,79980,            nan,            nan
    5,80040,            nan,            nan
    5,80100,            nan,            nan
    5,80160,            nan,            nan
    5,80220,            nan,            nan
    5,80280,            nan,            nan
    5,80340,            nan,            nan
    5,80400,            nan,            nan
    5,80460,            nan,            nan
    5,80520,            nan,            nan
    5,80580,            nan,            nan
    5,80640,            nan,            nan
    5,80700,            nan,            nan
    5,80760,            nan,            nan
    5,80820,            nan,            nan
    5,80880,            nan,            nan
    5,80940,            nan,            nan
    5,81000,            nan,            nan
    5,81060,            nan,            nan
    5,81120,            nan,            nan
    5,81180,            nan,            nan
    5,81240,            nan,            nan
    5,81300,            nan,            nan
    5,81360,            nan,            nan
    5,81420,            nan,            nan
    5,81480,            nan,            nan
    5,81540,            nan,            nan
    5,81600,            nan,            nan
    5,81660,            nan,            nan
    5,81720,            nan,            nan
    5,81780,            nan,            nan
    5,81840,            nan,            nan
    5,81900,            nan,            nan
    5,81960,            nan,            nan
    5,82020,            nan,            nan
    5,82080,            nan,            nan
    5,82140,            nan,            nan
    5,82200,            nan,            nan
    5,82260,            nan,            nan
    5,82320,            nan,            nan
    5,82380,            nan,            nan
    5,82440,            nan,            nan
    5,82500,            nan,            nan
    5,82560,            nan,            nan
    5,82620,            nan,            nan
    5,82680,            nan,            nan
    5,82740,            nan,            nan
    5,82800,            nan,            nan
    5,82860,            nan,            nan
    5,82920,            nan,            nan
    5,82980,            nan,            nan
    5,83040,            nan,            nan
    5,83100,            nan,            nan
    5,83160,            nan,            nan
    5,83220,            nan,            nan
    5,83280,            nan,            nan
    5,83340,            nan,            nan
    5,83400,            nan,            nan
    5,83460,            nan,            nan
    5,83520,            nan,            nan
    5,83580,            nan,            nan
    5,83640,            nan,            nan
    5,83700,            nan,            nan
    5,83760,            nan,            nan
    5,83820,            nan,            nan
    5,83880,            nan,            nan
    5,83940,            nan,            nan
    5,84000,            nan,            nan
    5,84060,            nan,            nan
    5,84120,            nan,            nan
    5,84180,            nan,            nan
    5,84240,            nan,            nan
    5,84300,            nan,            nan
    5,84360,            nan,            nan
    5,84420,            nan,            nan
    5,84480,            nan,            nan
    5,84540,            nan,            nan
    5,84600,            nan,            nan
    5,84660,            nan,            nan
    5,84720,            nan,            nan
    5,84780,            nan,            nan
    5,84840,            nan,            nan
    5,84900,            nan,            nan
    5,84960,            nan,            nan
    5,85020,            nan,            nan
    5,85080,            nan,            nan
    5,85140,            nan,            nan
    5,85200,            nan,            nan
    5,85260,            nan,            nan
    5,85320,            nan,            nan
    5,85380,            nan,            nan
    5,85440,            nan,            nan
    5,85500,            nan,            nan
    5,85560,            nan,            nan
    5,85620,            nan,            nan
    5,85680,            nan,            nan
    5,85740,            nan,            nan
    5,85800,            nan,            nan
    5,85860,            nan,            nan
    5,85920,            nan,            nan
    5,85980,            nan,            nan
    5,86040,            nan,            nan
    5,86100,            nan,            nan
    5,86160,            nan,            nan
    5,86220,            nan,            nan
    5,86280,            nan,            nan
    5,86340,            nan,            nan